XXXXXXXXXXXXXXXXXXXXXXXXXXXXXXXXXXXXXXXXXXXXXXXXXXXXXXXXXXXXXXXXXXXXXXXX
2 3
----------------------------------------------------------------
Implemented GMM | Mean values
[ 490.30734 2630.5999 ]
[ 418.9582 2187.9766]
[ 378.1583 1980.5546]

Implemented GMM | Covariances
[[ 5878.61033043     0.        ]
 [    0.         40387.68131804]]
[[  844.71798759     0.        ]
 [    0.         61902.87169517]]
[[3259.14723313    0.        ]
 [   0.         8624.793556  ]]

Implemented GMM | Weights
[0.40905876 0.3471463  0.24379494]
--------------------------------------------------------------

Implemented GMM | Mean values
[ 378.7917 1979.3818]
[ 491.6694 2634.3455]
[ 420.1028 2203.0444]

Implemented GMM | Covariances
[[3176.86686777    0.        ]
 [   0.         8946.58937951]]
[[ 5928.46749056     0.        ]
 [    0.         40201.2906896 ]]
[[  876.77299701     0.        ]
 [    0.         63133.16919653]]

Implemented GMM | Weights
[0.25194329 0.39826705 0.34978966]

--------------------------------------------------------------------
Implemented GMM | Mean values
[ 393.4387 1992.9393]
[ 586.25885 2813.0222 ]
[ 449.5278 2519.3325]

Implemented GMM | Covariances
[[ 2455.66006429     0.        ]
 [    0.         15236.12134324]]
[[ 2120.52022111     0.        ]
[[ 2798.90168369     0.        ]
 [    0.         29753.63093324]]

Implemented GMM | Weights
[0.43488756 0.09553072 0.46958172]

XXXXXXXXXXXXXXXXXXXXXXXXXXXXXXXXXXXXXXXXXXXXXXXXXXXXXXXXXXXXX
2 6
---------------------------------------------------------------------
Implemented GMM | Mean values
[ 586.41644 2887.7097 ]
[ 291.74094 2160.8154 ]
[ 407.05206 1984.3176 ]
[ 367.31448 1981.5126 ]
[ 476.1666 2578.9517]
[ 436.03717 2430.615  ]

Implemented GMM | Covariances
[[ 2454.35401895     0.        ]
 [    0.         35268.78873354]]
[[4787.26015184    0.        ]
 [   0.         1333.34523005]]
[[  689.24388845     0.        ]
 [    0.         20489.5260734 ]]
[[3700.22616532    0.        ]
 [   0.         1472.65936561]]
[[4875.031364      0.        ]
 [   0.         7284.26765465]]
[[ 1396.12178461     0.        ]
 [    0.         51380.51737102]]

Implemented GMM | Weights
[0.07829612 0.01785664 0.28117471 0.11146691 0.21861532 0.29259031]
------------------------------------------------------------------------
Implemented GMM | Mean values
[ 544.07166 2884.1382 ]
[ 372.76373 2018.2924 ]
[ 472.10114 2341.2466 ]
[ 409.17493 2244.0015 ]
[ 409.18713 1903.3953 ]
[ 467.86444 2584.6438 ]

Implemented GMM | Covariances
[[ 7306.77779223     0.        ]
 [    0.         30797.7718706 ]]
[[4135.82220792    0.        ]
 [   0.         6106.74592231]]
[[ 140.25004454    0.        ]
 [   0.         2453.83521541]]
[[  347.89680724     0.        ]
 [    0.         24375.95644299]]
[[ 844.95763858    0.        ]
 [   0.         9489.44471132]]
[[4382.60370054    0.        ]
 [   0.         6943.47155332]]

Implemented GMM | Weights
[0.10307937 0.18339924 0.06761556 0.17533823 0.17173605 0.29883156]
-------------------------------------------------------------------------

Implemented GMM | Mean values
[ 471.14542 2340.5278 ]
[ 479.04044 2626.0605 ]
[ 410.409  2249.8835]
[ 656.70856 3150.9285 ]
[ 409.06723 1907.2161 ]
[ 371.37753 2018.5645 ]

Implemented GMM | Covariances
[[  63.03675242    0.        ]
 [   0.         2732.69670103]]
[[ 4899.29192599     0.        ]
 [    0.         21030.07829403]]
[[  383.47818057     0.        ]
 [    0.         29434.83740761]]
[[  290.440322       0.        ]
 [    0.         11599.49813261]]
[[ 871.27528503    0.        ]
 [   0.         9819.58626858]]
[[4155.37298412    0.        ]
 [   0.         6161.12370254]]

Implemented GMM | Weights
[0.05468634 0.39042278 0.18313177 0.01961346 0.17473229 0.17741337]