XXXXXXXXXXXXXXXXXXXXXXXXXXXXXXXXXXXXXXXXXXXXXXXXXXXXXXXXXXXXXXXXXXXXXXXX
1 3
-------------------------------------------
Implemented GMM | Mean values
[270.39523,2285.4656]
[350.84195,3226.2578]

Implemented GMM | Covariances
[[ 1213.73776508     0.        ]
 [    0.         14278.44315599]]
[[ 4102.46640748     0.        ]
 [    0.         27850.5456554 ]]
[[3562.64996239    0.        ]
 [   0.         7655.82711248]]

Implemented GMM | Weights
[0.43514473 0.18390736 0.38094791]
----------------------------------------------
Implemented GMM | Mean values
[323.24017,2903.5635]
[244.30173,2231.018]
[302.26318,2338.8552]

Implemented GMM | Covariances
[[ 4002.53694565     0.        ]
 [    0.         67340.67892363]]
[[  356.12435853     0.        ]
 [    0.         13577.91929379]]
[[ 365.77104798    0.        ]
 [   0.         6568.98447497]]

Implemented GMM | Weights
[0.59229978 0.23161403 0.17608619]
-------------------------------------------------------------
Implemented GMM | Mean values
[312.59125,2783.898]
[270.3952,2285.4653]
[350.8446,3226.3394]

Implemented GMM | Covariances
[[3562.59743837    0.        ]
 [   0.         7657.84892961]]
[[ 1213.73843493     0.        ]
 [    0.         14278.42030622]]
[[ 4102.87536749     0.        ]
 [    0.         27829.54265535]]

Implemented GMM | Weights
[0.38099528 0.43514434 0.18386038]
XXXXXXXXXXXXXXXXXXXXXXXXXXXXXXXXXXXXXXXXXXXXXXXXXXXXXXXXXXXXXXXXXXXXXXXXXXXXXXX
1 6
----------------------------------------------------------
Implemented GMM | Mean values
[ 301.07278 2345.0054 ]
[ 311.86926 2778.3594 ]
[ 457.82315 3416.422  ]
[ 219.87885 2297.635  ]
[ 332.7152 3171.7517]
[ 252.07738 2203.9736 ]

Implemented GMM | Covariances
[[ 417.61028771    0.        ]
 [   0.         7209.51841167]]
[[3683.77609711    0.        ]
 [   0.         7057.48305949]]
[[ 7474.4913518      0.        ]
 [    0.         16556.98831079]]
[[   41.36484116     0.        ]
 [    0.         16137.45089149]]
[[ 1251.82487721     0.        ]
 [    0.         27146.4974763 ]]
[[  150.10147326     0.        ]
 [    0.         10443.90964797]]

Implemented GMM | Weights
[0.20501907 0.36765544 0.02607234 0.0648569  0.17215248 0.16424376]

--------------------------------------------------------------------------------

Implemented GMM | Mean values
[ 244.95758 2237.6277 ]
[ 333.2954 3172.3025]
[ 309.17276 2325.2412 ]
[ 314.43176 2781.8035 ]
[ 284.24615 2591.8572 ]
[ 458.38474 3416.743  ]

Implemented GMM | Covariances
[[  366.03549913     0.        ]
 [    0.         13748.90174941]]
[[ 1241.92213128     0.        ]
 [    0.         27395.39240721]]
[[ 277.88144664    0.        ]
 [   0.         5763.94450383]]
[[3959.19904867    0.        ]
 [   0.         6890.71392233]]
[[2.40790273e+01 0.00000000e+00]
 [0.00000000e+00 3.17215781e+04]]
[[ 7480.0430248      0.        ]
 [    0.         16611.67103224]]

Implemented GMM | Weights
[0.24812572 0.17140368 0.15021405 0.33486787 0.06951404 0.02587465]

-------------------------------------------------------------------------

Implemented GMM | Mean values
[ 219.87886 2297.635  ]
[ 457.81726 3416.4167 ]
[ 332.71478 3171.7297 ]
[ 301.07275 2345.0054 ]
[ 311.86856 2778.3562 ]
[ 252.07738 2203.9734 ]

Implemented GMM | Covariances
[[   41.36491924     0.        ]
 [    0.         16137.45452344]]
[[ 7474.58392366     0.        ]
 [    0.         16556.78866753]]
[[ 1251.78774329     0.        ]
 [    0.         27150.80492978]]
[[ 417.61093019    0.        ]
 [   0.         7209.52037535]]
[[3683.84334292    0.        ]
 [   0.         7057.14502285]]
[[  150.10132576     0.        ]
 [    0.         10443.8998772 ]]

Implemented GMM | Weights
[0.06485695 0.02607422 0.17216261 0.20501922 0.3676434  0.16424361]